0.000000000000000
0.000000000000000
0.000000000000000
0.000000000000000
0.000000000000000
0.000000000000000
0.000000000000000
0.000049644475662
0.000000000000000
0.002009253916591
0.000000000000000
0.000000000000000
0.000000000000000
0.000026293282226
0.000000000000000
0.000000000000000
0.000000075580957
0.000000000000000
0.000282268403351
0.000071040835198
0.000000000000000
0.000000000000000
0.000016419807377
0.000005264541362
0.000000000000000
0.000025459816502
0.000000000000000
0.006742727894789
0.000023895847154
0.000000000000000
0.000608305053055
0.001561876538028
0.000008485408457
0.000002785268047
0.000084031938664
0.000000000000000
0.000000000000000
0.000000196581798
0.000497418468755
0.000069200815156
0.000000000000000
0.000000000000000
0.000000000000000
0.000000000000000
0.000000000000000
0.000180083492781
0.000000000000000
0.030450989891300
0.000000000000000
0.000000000000000
0.000000000000000
0.000000000000000
0.000000000000000
0.000000000000000
0.000001664079373
0.000000000000000
0.000000000000000
0.000000000000000
0.000000000000000
0.000000000000000
0.000000000000000
0.000000000000000
0.005924523677919
0.000000000000000
0.000013325397660
0.000000000000000
0.000000000000000
0.002476359836924
0.000000000000000
0.000000000000000
0.000000000000000
0.002056567008825
0.009502545779203
0.000000000000000
0.000000000000000
0.000574299067274
0.000000000000000
0.014391925776268
0.000000000000000
0.000000000000000
0.000002230589756
0.004853992498211
0.000000000000000
0.000000000000000
0.000000000000000
0.001926075181552
0.000000000000000
0.000000000000000
0.000001503768146
0.000000000000000
0.000000000000000
0.000000000000000
0.000000000000000
0.000014800156942
0.000000000000000
0.000509803423053
0.000000000000000
0.000000000000000
0.000000000000000
0.000049590865291
0.000001930188499
0.002563790051194
0.000768683791794
0.000148537877230
0.000000000000000
0.000000000000000
0.003653561195676
0.000000000000000
0.000000000000000
0.000000000000000
0.000000000000000
0.000000027093203
0.000000000000000
0.000000000000000
0.000191995169669
0.000000000000000
0.000000000000000
0.000000000000000
0.000000000000000
0.000000000000000
0.000000000000000
0.013570854997220
0.000000000000000
0.000000000000000
0.000000000000000
0.000000000000000
0.000000000000000
0.000000000000000
0.000000000000000
0.000000000000000
0.000000000000000
0.000000000000000
0.000000000000000
0.000000000000000
0.000000000000000
0.000000000000000
0.000000000000000
0.000000000000000
0.000000000000000
0.000000000000000
0.000000000000000
0.000000000000000
0.000000000000000
0.000000000000000
0.000000000000000
0.000000000000000
0.000000000000000
0.000129403341944
0.000002611141604
0.000000000000000
0.000000000000000
0.000004537830715
0.000333419764723
0.001195246966090
0.000001320262852
0.000000000000000
0.000483307010813
0.001048899442653
0.000002212475016
0.000036638239046
0.000034968680758
0.000075634765339
0.000000006393585
0.000032738151974
0.002549097749163
0.000001156509251
0.000000000000000
0.000344557827337
0.000340242010743
0.000000000000000
0.001304762012322
0.000000000000000
0.000000000000000
0.000026709494657
0.000000000000000
0.000000000000000
0.000000000000000
0.000000936458286
0.000000000000000
0.000018642637719
0.000095680155215
0.000005584532892
0.000000000000000
0.000000000000000
0.000000866460078
0.000000000000000
0.000000000000000
0.000000000000000
0.000000000000000
0.000000000000000
0.000000000000000
0.000000000000000
0.000000000000000
0.000000000000000
0.000000000000000
0.000000000000000
0.000000000000000
0.000000000000000
0.000000000000000
0.000000021480935
0.000000000000000
0.000000000000000
0.000000000000000
0.000010967834941
0.012354630785186
0.008602571472959
0.000000000000000
0.000000000000000
0.000000000000000
0.000000000000000
0.000000000000000
0.000244506162196
0.000000000000000
0.000000000000000
0.000000000000000
0.000000000000000
0.000000000000000
0.000379594765715
0.000596549710936
0.000000000000000
0.000000000000000
0.000010522261472
0.000000000000000
0.000000000000000
0.000000000000000
0.000000000000000
0.012132732281053
0.000000000000000
0.000000019470963
0.000000037150976
0.000000000000000
0.000000000000000
0.000000000000000
0.000000000000000
0.000000476030733
0.000000085101076
0.000000000000000
0.000000000000000
0.000009351871931
0.000177588216673
0.000000000000000
0.000000000000000
0.000389923787678
0.004089200693648
0.000000000000000
0.000000000000000
0.000054248307107
0.000000000000000
0.000089493233267
0.000000000000000
0.000000000000000
0.000000000000000
0.000000000000000
0.000000000000000
0.007987563103475
0.000000000000000
0.000000000000000
0.000000000000000
0.000000000000000
0.000000000000000
0.000000000000000
0.000000000000000
0.000000000000000
0.000000000000000
0.000000000000000
0.000000000000000
0.000000000000000
0.000000000000000
0.000000000000000
0.000000000000000
0.000000000000000
0.000599318469027
0.000000000000000
0.008101514845663
0.000000000000000
0.000000000000000
0.000000000000000
0.000093744050660
0.000670130331283
0.000000000000000
0.000000000000000
0.000028131279301
0.000370436755451
0.000000000000000
0.000000000000000
0.000000000000000
0.000017496958011
0.000000000000000
0.000000000000000
0.000000000000000
0.000020682764195
0.000411193754840
0.000005525059315
0.000000000000000
0.000000000000000
0.000016063765140
0.000000000000000
0.000000000000000
0.000009592895114
0.002133612469880
0.000000015644393
0.001520203213102
0.002028713898733
0.000000686461320
0.000000000000000
0.000000000000000
0.000000000000000
0.000000000000000
0.000000000000000
0.000000000000000
0.000000000000000
0.000000000000000
0.000000000000000
0.000000000000000
0.000000000000000
0.000000000000000
0.000000000000000
0.000000000000000
0.063232004469175
0.000000000000000
0.000000000000000
0.000000000000000
0.000000000000000
0.000000000000000
0.000002741541061
0.000000000000000
0.000000000000000
0.000023417629190
0.000002071603140
0.000040402865706
0.000001851172746
0.000000000000000
0.000000000000000
0.000000000000000
0.000000000000000
0.000000000000000
0.000030330591060
0.000000000000000
0.004055305617437
0.000761936686323
0.000000000000000
0.000000000000000
0.000000000000000
0.000000000000000
0.000000000000000
0.000000000000000
0.000000000000000
0.000000000000000
0.000000073467535
0.000000000000000
0.000000000000000
0.000000000000000
0.000000000000000
0.000000000000000
0.000000000000000
0.002169668861796
0.000214023529218
0.000000513143156
0.000296137955234
0.000447487847177
0.000000000000000
0.000000000000000
0.003812375793984
0.000000000000000
0.000000000000000
0.000190798582630
0.000465889816102
0.000224167234244
0.000008119553163
0.000000000000000
0.000000000000000
0.000000000000000
0.000000000000000
0.000000000000000
0.000000000000000
0.000000000000000
0.000000000000000
0.000000000000000
0.000000000000000
0.000000000000000
0.001670954550570
0.000172836358613
0.000000000000000
0.000000000000000
0.000000000000000
0.000012596891047
0.000067839478009
0.001123462572517
0.000000000000000
0.000000000000000
0.000043711775216
0.000514900731342
0.000016031659590
0.001036394565991
0.001036091317738
0.000000000000000
0.000000000000000
0.000000000000000
0.000609939235724
0.000000000000000
0.000000000000000
0.000000000000000
0.002635422446487
0.000008571309497
0.000000005369745
0.000000000000000
0.000000000000000
0.000001379853204
0.000000000000000
0.000000000000000
0.000228109136554
0.000000000000000
0.000000000000000
0.000000000000000
0.000000000000000
0.000000000000000
0.000001249459587
0.000000000000000
0.000007855248622
0.000000000000000
0.000000000000000
0.000000000000000
0.000000000000000
0.000000556756951
0.000000000000000
0.000008811409273
0.000000000000000
0.007997795533057
0.000000994280613
0.000167969981233
0.000141655984044
0.000000000000000
0.000000000000000
0.000000000000000
0.000037110219528
0.000000000000000
0.000025965553018
0.000309727855631
0.000000000000000
0.001157100322421
0.000000000000000
0.000587995659971
0.000002108410499
0.000000000000000
0.000000000000000
0.000049130076899
0.000260160636566
0.000000000000000
0.000002420830532
0.000000848918169
0.000000000000000
0.000176183885522
0.000000000186518
0.000000000000000
0.000306007448791
0.000000000000000
0.000000000000000
0.000000000000000
0.000000000000000
0.000000000000000
0.000000000000000
0.000000000000000
0.000000000000000
0.000000000000000
0.000000000000000
0.000000000000000
0.000000000000000
0.000000000000000
0.000286506922919
0.000121888287582
0.000000000000000
0.000000000000000
0.000000000000000
0.000000000000000
0.000000000000000
0.000000000000000
0.000000000000000
0.000131293269685
0.000001688323805
0.000000000000000
0.000000000000000
0.001716617301465
0.000000000000000
0.000004641686020
0.000000000000000
0.000000000000000
0.000000000000000
0.000000000000000
0.001723553957298
0.000003379066922
0.000000000000000
0.000684860089279
0.000000004125655
0.000000000000000
0.000336854697205
0.000000000000000
0.000000000000000
0.011763962671306
0.000222023347367
0.000000000000000
0.001385060157115
0.000000000000000
0.000004029991636
0.000000000000000
0.000921873672082
0.001697994677471
0.000214410653925
0.000000000000000
0.000000000000000
0.000000000000000
0.000000000000000
0.000000000000000
0.000000000000000
0.000025034917453
0.000032220478529
0.000003173692846
0.000778300847206
0.000781203465047
0.000000000000000
0.000000000000000
0.000009468110356
0.000345107570537
0.000000000000000
0.000000000000000
0.000000000000000
0.000000000000000
0.000000000000000
0.000000740703261
0.000008699150809
0.000000000000000
0.001173282574427
0.000000000000000
0.000000000000000
0.000000000000000
0.000000000000000
0.000000000000000
0.005854732501561
0.000258084278834
0.018312020708361
0.000000000000000
0.000000000000000
0.000035564340584
0.000015060216861
0.000000186929236
0.000000000000000
0.000000000000000
0.000014021418550
0.000000000000000
0.000001504781159
0.000000000000000
0.000014616139827
0.000000000000000
0.000000000000000
0.000357133252711
0.000001979349942
0.000000000000000
0.000224322968159
0.000000000000000
0.001244368910325
0.000000000000000
0.000000000000000
0.000000000000000
0.000000000000000
0.000000000000000
0.000000000000000
0.000000000000000
0.000132754258502
0.000075475009694
0.000024702783987
0.000000000000000
0.000000000000000
0.000000000000000
0.000000000000000
0.000100267764256
0.000000000000000
0.000000000000000
0.000000000000000
0.000000000000000
0.000000000000000
0.000000000000000
0.000000000000000
0.000000000000000
0.000042192970496
0.000000000000000
0.000000000000000
0.000000000000000
0.001848566267561
0.000003522791486
0.000001116591270
0.000000000000000
0.002300487323168
0.002059640974616
0.000000000000000
0.001032009648085
0.000014416803955
0.000311390605176
0.000001040601422
0.000945926305535
0.000001982376458
0.000000000000000
0.000000010452954
0.000000000000000
0.000002795869237
0.000000000000000
0.000000000000000
0.000000000000000
0.000000000000000
0.000000000000000
0.000000000000000
0.003562461391004
0.000000000000000
0.000000000000000
0.000000000000000
0.000000000000000
0.000000000000000
0.000000000000000
0.000000000000000
0.000000000000000
0.000013301283519
0.000000000000000
0.000101001147410
0.076208900253570
0.000000000000000
0.000000000000000
0.000000000000000
0.000000000000000
0.000000000000000
0.000002471377224
0.000000806555058
0.000318252560909
0.000201580693912
0.000004643801149
0.001223601904034
0.000000000000000
0.000000000000000
0.000000000000000
0.000001868406312
0.000000000000000
0.000000000000000
0.000000000000000
0.000000000000000
0.000346913142449
0.000000000000000
0.000039108635982
0.000000000000000
0.000000092510076
0.000000000000000
0.000000000000000
0.000000000000000
0.000000000000000
0.000005341393267
0.000152046149115
0.000032721598164
0.000033030748624
0.000000000000000
0.000000000000000
0.000001223114242
0.000001330712857
0.000000762527202
0.000003578938877
0.000000000000000
0.000000000000000
0.000001889841681
0.000000004264886
0.000000962126617
0.000000000000000
0.000000000000000
0.000000000000000
0.000000000000000
0.000000000000000
0.000000000000000
0.000000000000000
0.000000000000000
0.000000000000000
0.000002563945630
0.000000000000000
0.000000000000000
0.000000000000000
0.000000000000000
0.000000000000000
0.000000000000000
0.000000000000000
0.000000000000000
0.000000000000000
0.000000000000000
0.000000000000000
0.000000000000000
0.000000000000000
0.000000000000000
0.000000000000000
0.000000000000000
0.000000000000000
0.000000000000000
0.000000000000000
0.000000000000000
0.000000000000000
0.000000000000000
0.000000000000000
0.000000000000000
0.000000000000000
0.000000000000000
0.000032403200145
0.000157896138392
0.000000000000000
0.000000000000000
0.000000000000000
0.000000000000000
0.000000000000000
0.000000000000000
0.000000000000000
0.000000000000000
0.000000000000000
0.000000000000000
0.000073993011891
0.000000000000000
0.000000000000000
0.000030432081212
0.000000000000000
0.000000000000000
0.000651694161767
0.000000000000000
0.000000000000000
0.000000000000000
0.000253661832823
0.000000000000000
0.000000000000000
0.000000000000000
0.000028638886546
0.000006943587828
0.000000163357765
0.000000000000000
0.000000000000000
0.000000000000000
0.000000000000000
0.000000000000000
0.000000000000000
0.003431012773814
0.000000000000000
0.000000000000000
0.000000000000000
0.000000000000000
0.000000000000000
0.000000000000000
0.000000000000000
0.000000000000000
0.000000000000000
0.000000000000000
0.000000000000000
0.000000000000000
0.000000000000000
0.000000000000000
0.000000000000000
0.000000000000000
0.000000000000000
0.000000000000000
0.000000000000000
0.000000000000000
0.000000000000000
0.000000000000000
0.000000000000000
0.000000000000000
0.000000000000000
0.000000000000000
0.000000000000000
0.000000000000000
0.000000000000000
0.000000000000000
0.000000000000000
0.000000000000000
0.000000000000000
0.000000000000000
0.000000000000000
0.000000000000000
0.000000000000000
0.000000000000000
0.000000000000000
0.000000000000000
0.000000000000000
0.000000000000000
0.000000000000000
0.000000000000000
0.000000000000000
0.000000000000000
0.000000000000000
0.000000000000000
0.000000000000000
0.000000000000000
0.000000000000000
0.000000000000000
0.000000000000000
0.000000000000000
0.000000000000000
0.000000000000000
0.000000000000000
0.000000000000000
0.000000000000000
0.000000000000000
0.000023722554573
0.000000000000000
0.000000000000000
0.000073214544881
0.000000000000000
0.000000000000000
0.000000000000000
0.000000000000000
0.000000000000000
0.000000000000000
0.000000000000000
0.000000000000000
0.000000000000000
0.000000000000000
0.000000000000000
0.000000000000000
0.000000000000000
0.000000000000000
0.000000000000000
0.000000000000000
0.000000000000000
0.000018820757373
0.000036743568380
0.000000000000000
0.000000000000000
0.000000000000000
0.000000000000000
0.000000000000000
0.000000000000000
0.000000000000000
0.000000000000000
0.000000000000000
0.001356739403598
0.000000000000000
0.000000000000000
0.000289389993721
0.000000000000000
0.000000101264810
0.000000146567010
